jaccard_score : 0.1786655668530824 
accuracy : 0.3961632755587044