jaccard_score :  0.22940202034376347
accuracy : 0.5881522517318559