jaccard_score :  0.2503900674684539
accuracy : 0.6450995152292688